[38;5;233;48;5;233m▀[38;5;233;48;5;233m▀[38;5;233;48;5;233m▀[38;5;233;48;5;233m▀[38;5;233;48;5;233m▀[38;5;233;48;5;233m▀[38;5;233;48;5;233m▀
[38;5;233;48;5;233m▀[38;5;233;48;5;233m▀[38;5;233;48;5;233m▀[38;5;233;48;5;233m▀[38;5;233;48;5;233m▀[38;5;233;48;5;233m▀[38;5;233;48;5;233m▀
[38;5;233;48;5;233m▀[38;5;233;48;5;233m▀[38;5;233;48;5;233m▀[38;5;233;48;5;233m▀[38;5;233;48;5;233m▀[38;5;233;48;5;233m▀[38;5;233;48;5;233m▀
[38;5;233;48;5;233m▀[38;5;233;48;5;233m▀[38;5;233;48;5;233m▀[38;5;233;48;5;233m▀[38;5;233;48;5;22m▀[38;5;233;48;5;22m▀[38;5;233;48;5;233m▀
[38;5;233;48;5;233m▀[38;5;233;48;5;233m▀[38;5;233;48;5;22m▀[38;5;22;48;5;22m▀[38;5;22;48;5;233m▀[38;5;233;48;5;233m▀[38;5;233;48;5;233m▀
[38;5;233;48;5;233m▀[38;5;22;48;5;233m▀[38;5;22;48;5;22m▀[38;5;233;48;5;22m▀[38;5;233;48;5;233m▀[38;5;233;48;5;233m▀[38;5;233;48;5;233m▀
[38;5;233;48;5;233m▀[38;5;233;48;5;233m▀[38;5;233;48;5;233m▀[38;5;22;48;5;233m▀[38;5;22;48;5;22m▀[38;5;233;48;5;22m▀[38;5;233;48;5;233m▀
[38;5;233;48;5;233m▀[38;5;233;48;5;233m▀[38;5;233;48;5;233m▀[38;5;233;48;5;233m▀[38;5;233;48;5;233m▀[38;5;233;48;5;233m▀[38;5;233;48;5;233m▀
[38;5;233;48;5;233m▀[38;5;233;48;5;233m▀[38;5;233;48;5;233m▀[38;5;233;48;5;233m▀[38;5;233;48;5;233m▀[38;5;233;48;5;233m▀[38;5;233;48;5;233m▀
[38;5;233;48;5;233m▀[38;5;233;48;5;233m▀[38;5;233;48;5;233m▀[38;5;233;48;5;233m▀[38;5;233;48;5;233m▀[38;5;233;48;5;233m▀[38;5;233;48;5;233m▀
